,0,1,2
0,0.7595,0.1983,0.0422
1,0.6015,0.3319,0.0666
2,0.4884,0.4249,0.0867
3,0.411,0.4965,0.0925
4,0.3379,0.5508,0.1113
5,0.2881,0.5887,0.1232
6,0.2444,0.6253,0.1303
7,0.2024,0.6691,0.1285
8,0.17,0.6877,0.1423
9,0.1466,0.705,0.1484
10,0.1208,0.7336,0.1456
11,0.1017,0.7476,0.1507
12,0.0814,0.7714,0.1472
13,0.0672,0.78,0.1528
14,0.0508,0.7881,0.1611
15,0.0403,0.7964,0.1633
16,0.0298,0.8092,0.161
17,0.0201,0.8126,0.1673
