,0,1,2
0,0.756,0.0393,0.2047
1,0.6008,0.0663,0.3329
2,0.4799,0.0876,0.4325
3,0.406,0.0965,0.4975
4,0.3412,0.113,0.5458
5,0.2844,0.1181,0.5975
6,0.2428,0.1297,0.6275
7,0.1996,0.1355,0.6649
8,0.169,0.1339,0.6971
9,0.1365,0.1417,0.7218
10,0.117,0.1481,0.7349
11,0.0985,0.1447,0.7568
12,0.0816,0.1536,0.7648
13,0.0678,0.1609,0.7713
14,0.0552,0.1589,0.7859
15,0.0376,0.1568,0.8056
16,0.0303,0.1577,0.812
17,0.0183,0.1606,0.8211
