,0,1,2
0,0.7662,0.0377,0.1961
1,0.611,0.063,0.326
2,0.4827,0.0861,0.4312
3,0.3978,0.097,0.5052
4,0.3335,0.1094,0.5571
5,0.284,0.1243,0.5917
6,0.2317,0.1231,0.6452
7,0.1974,0.1337,0.6689
8,0.1638,0.1384,0.6978
9,0.1396,0.1451,0.7153
10,0.1171,0.1502,0.7327
11,0.1014,0.1464,0.7522
12,0.0799,0.1512,0.7689
13,0.067,0.1517,0.7813
14,0.0517,0.1602,0.7881
15,0.0405,0.1627,0.7968
16,0.0286,0.1601,0.8113
17,0.02,0.1576,0.8224
